[gd_scene load_steps=6 format=2]

[ext_resource path="res://Game.gd" type="Script" id=1]
[ext_resource path="res://GroundMap.tscn" type="PackedScene" id=2]
[ext_resource path="res://VehicleBody.tscn" type="PackedScene" id=3]
[ext_resource path="res://Cone.tscn" type="PackedScene" id=4]
[ext_resource path="res://Junk.tscn" type="PackedScene" id=5]

[node name="GameRoot" type="Spatial"]
script = ExtResource( 1 )

[node name="GroundMap" parent="." instance=ExtResource( 2 )]
transform = Transform( 50, 0, 0, 0, 50, 0, 0, 0, 50, 0, 0, 0 )

[node name="VehicleBody" parent="." instance=ExtResource( 3 )]
transform = Transform( -1, 0, -8.74228e-08, 0, 1, 0, 8.74228e-08, 0, -1, 0.747102, 5.46818, 19 )

[node name="VehicleBody2" parent="." instance=ExtResource( 3 )]
transform = Transform( -1, 0, -8.74228e-08, 0, 1, 0, 8.74228e-08, 0, -1, 28.9173, 5.46818, 19 )
body_color = Color( 0.172549, 1, 0, 1 )
player = "p2"

[node name="Cones" type="Spatial" parent="."]
transform = Transform( 0.995738, 0, 0.0922321, 0, 1, 0, -0.0922321, 0, 0.995738, 331.427, 0, 202.845 )

[node name="Spatial" parent="Cones" instance=ExtResource( 4 )]
transform = Transform( 1, 0, 0, 0, 1, 0, 0, 0, 1, 11.7331, 0.218832, 0 )

[node name="Spatial4" parent="Cones" instance=ExtResource( 4 )]
transform = Transform( 1, 0, 0, 0, 1, 0, 0, 0, 1, 11.7331, 0.218832, -43.3257 )

[node name="Spatial6" parent="Cones" instance=ExtResource( 4 )]
transform = Transform( 1, 0, 0, 0, 1, 0, 0, 0, 1, 11.7331, 0.218832, -90.6896 )

[node name="Spatial2" parent="Cones" instance=ExtResource( 4 )]
transform = Transform( 1, 0, 0, 0, 1, 0, 0, 0, 1, 18.1388, 0.218832, -24.6262 )

[node name="Spatial3" parent="Cones" instance=ExtResource( 4 )]
transform = Transform( 1, 0, 0, 0, 1, 0, 0, 0, 1, 18.1388, 0.218832, -67.9519 )

[node name="Spatial5" parent="Cones" instance=ExtResource( 4 )]
transform = Transform( 1, 0, 0, 0, 1, 0, 0, 0, 1, 18.1388, 0.218832, -115.316 )

[node name="DirectionalLight" type="DirectionalLight" parent="."]
transform = Transform( 0.908283, -0.192642, 0.371362, -0.418355, -0.418242, 0.806258, 0, -0.887672, -0.460475, 0, 168.145, 0 )
light_energy = 0.8
shadow_enabled = true

[node name="JunkField" type="Spatial" parent="."]
editor/display_folded = true
transform = Transform( 1, 0, 0, 0, 1, 0, 0, 0, 1, 72.698, 0, -210.124 )

[node name="Junk" parent="JunkField" instance=ExtResource( 5 )]
transform = Transform( 1, 0, 0, 0, 1, 0, 0, 0, 1, 0, 1.42678, 0 )

[node name="Junk5" parent="JunkField" instance=ExtResource( 5 )]
transform = Transform( -0.194229, 0, 0.980956, 0, 1, 0, -0.980956, 0, -0.194229, -30.7079, 1.42678, 23.3299 )

[node name="Junk8" parent="JunkField" instance=ExtResource( 5 )]
transform = Transform( 0.805191, 0, 0.593016, 0, 1, 0, -0.593016, 0, 0.805191, -9.85596, 1.42678, -10.8858 )

[node name="Junk2" parent="JunkField" instance=ExtResource( 5 )]
transform = Transform( 0.70115, 0, 0.713014, 0, 1, 0, -0.713014, 0, 0.70115, 17.1757, 1.42678, 0 )

[node name="Junk4" parent="JunkField" instance=ExtResource( 5 )]
transform = Transform( -0.835619, 0, 0.549309, 0, 1, 0, -0.549309, 0, -0.835619, -34.0439, 1.42678, 6.48131 )

[node name="Junk7" parent="JunkField" instance=ExtResource( 5 )]
transform = Transform( 0.141731, 0, 0.989905, 0, 1, 0, -0.989905, 0, 0.141731, 3.97374, 1.42678, -21.0713 )

[node name="Junk3" parent="JunkField" instance=ExtResource( 5 )]
transform = Transform( 0.70115, 0, 0.713014, 0, 1, 0, -0.713014, 0, 0.70115, 3.17419, 1.42678, 24.9627 )

[node name="Junk6" parent="JunkField" instance=ExtResource( 5 )]
transform = Transform( -0.835619, 0, 0.549309, 0, 1, 0, -0.549309, 0, -0.835619, -6.83711, 1.42678, 15.3677 )

[node name="Junk9" parent="JunkField" instance=ExtResource( 5 )]
transform = Transform( 0.141731, 0, 0.989905, 0, 1, 0, -0.989905, 0, 0.141731, 7.50317, 1.42678, 7.33157 )
